01101111
00000000
00000000
00100110
00000000
00000000
00000000
00000000
00000000
00000000
00000000
00000000
00000000
00000000
00000000
00000000
01101111
00000000
01000000
00010001
00000000
00000000
00000000
00000000
00000000
00000000
00000000
00000000
00000000
00000000
00000000
00000000
00000000
00000000
00000000
00000000
00000000
00000000
00000000
00000000
00000000
00000000
00000000
00000000
00000000
00000000
00000000
00000000
00000000
00000000
00000000
00000000
00000000
00000000
00000000
00000000
00000000
00000000
00000000
00000000
00000000
00000000
00000000
00000000
00000000
00000000
00000000
00000000
00000000
00000000
00000000
00000000
00000000
00000000
00000000
00000000
00000000
00000000
00000000
00000000
00000000
00000000
00000000
00000000
00000000
00000000
00000000
00000000
00000000
00000000
00000000
00000000
00000000
00000000
00000000
00000000
00000000
00000000
00000000
00000000
00000000
00000000
00000000
00000000
00000000
00000000
00000000
00000000
00000000
00000000
00000000
00000000
00000000
00000000
00000000
00000000
00000000
00000000
00000000
00000000
00000000
00000000
00000000
00000000
00000000
00000000
00000000
00000000
00000000
00000000
00000000
00000000
00000000
00000000
00000000
00000000
00000000
00000000
00000000
00000000
00000000
00000000
00000000
00000000
00000000
00000000
00000000
00000000
00000000
00000000
00000000
00000000
00000000
00000000
00000000
00000000
00000000
00000000
00000000
00000000
00000000
00000000
00000000
00000000
00000000
00000000
00000000
00000000
00000000
00000000
00000000
00000000
00000000
00000000
00000000
00000000
00000000
00000000
00000000
00000000
00000000
00000000
00000000
00000000
00000000
00000000
00000000
00000000
00000000
00000000
00000000
00000000
00000000
00000000
00000000
00000000
00000000
00000000
00000000
00000000
00000000
00000000
00000000
00000000
00000000
00000000
00000000
00000000
00000000
00000000
00000000
00000000
00000000
00000000
00000000
00000000
00000000
00000000
00000000
00000000
00000000
00000000
00000000
00000000
00000000
00000000
00000000
00000000
00000000
00000000
00000000
00000000
00000000
00000000
00000000
00000000
00000000
00000000
00000000
00000000
00000000
00000000
00000000
00000000
00000000
00000000
00000000
00000000
00000000
00000000
00000000
00000000
00000000
00000000
00000000
00000000
00000000
00000000
00000000
00000000
00000000
00000000
00000000
00000000
00000000
00000000
00000000
00000000
00000000
00000000
00000000
00000000
00000000
00000000
00000000
00000000
00000000
00000000
00000000
00000000
00000000
00000000
00000000
00000000
00000000
00000000
00000000
00000000
00000000
00000000
00000000
00000000
10110011
10000001
10010000
00000000
00110011
10001001
01010110
01000000
10110011
10001110
01100110
01000001
00110011
00000011
10010110
01000001
10110011
00001011
01010101
01000000
00110011
10000111
00100111
00000001
10110011
10001110
11000010
00000001
00110011
10000101
00110010
01000000
10110011
00001110
10100000
00000000
10110011
10001001
11011001
00000000
00110011
10000111
00101010
01000000
00110011
10000101
00110111
01000000
00110011
00000101
00101110
00000001
10110011
00000100
10001100
01000001
00110011
00000111
01101011
01000000
10110011
00001000
10110101
00000000
00110011
10001101
10110111
01000001
10110011
10001100
00011010
00000001
10110011
00000111
11110110
00000001
00110011
10001110
11111011
00000001
00110011
10001000
10010100
01000000
00110011
10000110
01101000
01000001
10110011
00001110
01110100
00000001
10110011
00001100
11011111
00000000
00110011
10001100
01011001
01000000
00110011
10000101
11110100
01000001
00110011
00001110
11100011
00000000
10110011
00000001
00110011
00000001
00110011
10000010
11111001
01000001
00110011
10001101
01100101
01000000
10110011
10000010
10100110
01000001
00110011
10000010
10011111
01000001
00110011
00000111
10110101
00000000
10110011
00000001
11011101
00000001
00110011
00000101
01110111
00000000
00110011
00001100
10011100
00000001
10110011
10001100
01001001
00000000
10110011
10000110
10010110
01000001
10110011
00001010
01100101
00000001
10110011
00000100
01110010
00000001